
5038#
5043
5044#
5048
5049#
5057
5058#
5070
5071#
5073
5074#
5078
5079#
5090
5091#
5104
5105#
5109
5110#
5112
5113#
5133
5134#
5158
5159#
5163
5164#
5167
5168#
5174
5175#
5181
5182#
5184
5185#
5199
5200#
5206
5207#
5211
5212#
5215
5216#
5238
5239#
5347
5348#
5360
5361#
5390
5391#
5394
5395#
5406
5407#
5409
5410#
5435
5436#
5439
5440#
5448
5449#
5455
5456#
5467
5468#
5476
5477#
5484
5485#
5493
5494#
5518
5519#
5532
5533#
5536
5537#
5539
5540#
5551
5552#
5555
5556#
5558
5559#
5564
5565#
5567
5568#
5570
5571#
5575
5576#
5597
5598#
5613
5614#
5620
5621#
5625
5626#
5631
5632#
5636
5637#
5641
5642#
5648
5649#
5653
5654#
5659
5660#
5672
5673#
5707
5708#
5715
5716#
5721
5722#
5728
5729#
5735
5736#
5878
5879#
5886
5887#
5902
5903#
5907
5908#
5911
5912#
5919
5920#
5926
5927#
5932
5933#
5935
5936#
5941
5942#
5947
5948#
5960
5961#
5964
5965#
5970
5971#
5983
5984#
5989
5990#
6031
6032#
6034
6035#
6040
6041#
6051
6052#
6056
6057#
6059
6060#
6070
6071#
6077
6078#
6084
6085#
6087
6088#
6090
6091#
6097
6098#
6103
6104#
6107
6108#
6115
6116#
6122
6123#
6140
6141#
6153
6154#
6157
6158#
6166
6167#
6170
6171#
6180
6181#
6184
6185#
6188
6189#
6201
6202#
6211
6212#
6215
6216#
6221
6222#
6224
6225#
6231
6232#
6235
6236#
6238
6239#
6242
6243#
6274
6275#
6281
6282#
6309
6310#
6313
6314#
6318
6319#
6324
6325#
6338
6339#
6346
6347#
6351
6352#
6376
6377#
6379
6380#
6387
6388#
6391
6392#
6397
6398#
6421
6422#
6431
6432#
6441
6442#
6456
6451#
6465
6466#
6468
6469#
6471
6472#
6474
6475#
6489
6490#
6495
6496#
6500
6501#
6506
6507#
6509
6510#
6516
6517#
6545
6546#
6549
6550#
6553
6554#
6558
6559#
6565
6566#
6570
6571#
6580
6581#
6583
6584#
6586
6587#
6592
6593#
6595
6596#
6607
6608#
6610
6611#
6621
6622#
6627
6628#
6631
6632#
6646
6647#
6650
6651#
6665
6666#
6669
6670#
6679
6680#
6682
6683#
6693
6694#
6698
6699#
6702
6703#
6708
6709#
6711
6712#
6715
6716#
6720
6721#
6724
6725#
6729
6730#
6732
6733#
6736
6737#
6740
6741#
6745
6746#
6755
6756#
6758
6759#
6769
6770#
6775
6776#
6780
6781#
6786
6787#
6796
6797#
6802
6803#
6813
6814#
6818
6819#
6821
6822#
6846
6847#
6896
6897#
6899
6900#
6909
6910#
6920
6921#
6924
6925#
6928
6929#
6933
6934#
6940
6941#
6943
6944#
6947
6948#
6951
6952#
6955
6956#
6959
6960#
6962
6963#
6965
6966#
6970
6971#
6996
6997#
7016
7017#
7019
1020#
7023
7024#
7037
7038#
7046
7047#
7051
7052#
7056
7057#
7065
7066#
7069
7070#
7083
7084#
7086
7087#
7095
7096#
7105
7106#
7108
7109#
7111
7112#
7117
7118#
7125
7126#
7134
7135#
7142
7143#
7160
7161#
7164
7165#
7168
7169#
7171
7172#
7175
7176#
7182
7183#
7194
7195#
7203
7204#
7209
7210#
7216
7217#
7241
7242#
7244
7245#
7249
7250#
7253
7254#
7265
7266#
7273
7274#
7278
7279#
7286
7287#
7310
7311#
7317
7318#
7320
7321#
7323
7324#
7332
7333#
7336
7337#
7346
7347#
7364
7365#
7367
7368#
7383
7384#
7404
7405*
7414
7415#
7418
7419#
7427
7428#
7434
7435#
7438
7439#
7445
7446#
7448
7449#
7453
7454#
7456
7457#
7459
7460#
7462
7463#
7473
7474#
7479
7480#
7485
7486#
7493
7494#
7499
7500#
7506
7507#
7511
7512#
7519
7520#
7524
7525#
7529
7530#
7532
7533#
7535
7536#
7541
7542#
7549
7550#
7555
7556#
7767
7768#
7774
7775#
7778
7779#
7782
7783#
7791
7792#
7800
ACRLF
51#
1710
1715
1719
4008
4283
ADC
3427
5397
ADD
3824
3967
5614
6935
ADI
5400
ADR
748
750
897
902
904
906
908
910
913
915
917
920
922
924
926
929
931
934
938
940
942
944
946
948
950
952
1058
1060
1062
1064
1066
1068
1070
1072
1074
1076
1078
1080
1082
1084
1086
1088
1091
1093
1095
1097
1099
1101
1103
1105
1110
1112
1114
1117
1120
1123
1125
1130
1134
1136
1138
1145
1147
1149
1151
1153
1155
1157
1159
1161
1163
1165
1167
1169
1171
1173
ADRP
955#
957#
961
963
965
967
969
972
974
ANA
1923
3025
5399
5477
5480
7283
ANI
2358
2616
2632
2640
2860
2999
3547
CALL
1788
1834
1883
1891
1898
1916
1956
1961
1971
1975
1988
2025
2056
2106
2184
2217
2477
2485
2737
2744
2758
2764
2784
2789
2792
2816
2821
2824
2915
3002
3085
3145
3149
3210
3256
3280
3303
3314
3356
3451
3467
3488
3530
3540
3570
3584
3603
3616
3687
3715
3782
3791
3801
3806
3831
3941
4028
4050
4056
4072
4076
4113
4152
4196
4212
4298
4380
4400
4407
4412
4416
4420
4427
4460
4514
4518
4732
4735
4753
4791
4879
4882
4895
4898
4928
4954
4971
4974
4978
5002
5055
5068
5076
5088
5107
5156
5161
5172
5182
5345
5358
5404
5433
5437
5465
5534
5553
5565
5713
5884
6032
6068
6085
6155
6219
6229
6233
6307
6316
6322
6344
6349
6377
6385
6389
6463
6466
6469
6487
6493
6498
6504
6563
6593
6619
6625
6629
6756
6784
6897
6922
6926
6941
6945
6949
6957
6960
7014
7067
7081
7103
7106
7123
7140
7158
7162
7166
7173
7192
7207
7239
7251
7263
7276
7315
7330
7334
7362
7381
7402
7416
7432
7436
7443
7451
7454
7517
7522
7530
7765
7776
7780
7789
CC
1993
3329
3521
5204
CHRGET
44#
1964
1986
2355
2924
3144
3177
3214
3700
3723
3746
3982
4180
4211
4227
4238
4327
4459
4562
4998
5125
5498
5545
5560
5598
6203
6394
7270
7328
7350
CMA
2649
3928
3966
5375
5441
5444
6670
CMC
2166
2168
2977
3118
5391
CMP
767
2079
2363
2423
3403
3423
4554
4612
5378
5385
5644
5650
5656
5937
5943
5949
5978
6546
6550
6694
7131
7219
7226
CNC
3332
3828
3917
6568
CNZ
1925
2118
4263
4371
5110
COMPAR
46#
1763
1795
1853
2163
3184
3236
3321
3510
3518
5637
5732
5928
6094
6150
6369
6567
6600
6676
6726
6742
6777
6815
6847
6853
7031
7048
7423
7546
CPI
792
1742
2300
2307
2328
2336
2341
2382
2403
2489
2494
2499
2504
2509
2514
2521
2589
2599
2643
2804
2877
2937
2963
2969
2974
3005
3090
3113
3116
3360
3406
3482
3589
3606
3648
3654
3724
3759
3765
3771
3776
3825
3914
3949
4038
4130
4168
4183
4231
4328
4454
4545
4550
4580
4590
4663
4669
4683
4774
4828
4836
4843
4849
4936
5008
5013
5019
5025
5033
5039
5129
5195
5201
5239
5471
5579
5584
5588
5615
5898
6554
6642
6751
6792
7199
7474
CZ
2387
2603
2862
3650
3840
6556
6644
7477
DAD
1739
1769
1832
1833
1852
2023
2752
2951
3190
3191
3192
3193
3200
3235
3557
4609
4863
4864
4914
5216
5669
5709
5921
6081
6109
6110
6159
6174
6181
6185
6189
6196
6216
6674
6763
6790
6807
6808
6888
7053
7155
7375
DC
986
987
988
989
990
991
992
993
994
995
998
999
1001
1002
1005
1013
1021
1022
1023
1025
1026
1027
1028
1029
1033
1046
1047
1048
1049
1050
1052
1054
1056
1194
1214
1230
1254
1269
1294
1306
1323
1346
1372
1395
1415
1434
1451
1474
1493
1524
1543
1704
1712
1721
3991
4268
1193
1213
1229
1253
1268
1293
1305
1322
1345
1371
1394
1414
DCE
1179#
1188#
1433
1450
1473
1492
1523
1542
OCI
982#
986
987
988
989
990
991
992
993
994
995
998
999
1001
1002
1005
1013
1021
1022
1023
1025
1026
1027
1028
1029
1033
1046
1047
1048
1049
1050
1052
1054
1056
DCL
1178#
1189#
1194
1214
1230
1254
1269
1294
1306
1323
1346
1372
1395
1415
1434
1451
1474
1493
1524
1543
OCR
1901
1966
2467
2979
3598
3729
3872
3977
5241
5242
5243
5382
5383
6074
6161
6634
6988
7218
7302
7495
DCX
1799
1800
2157
2199
2468
2988
3173
3213
3338
3596
3661
3745
3787
3946
4082
4192
4226
4237
4510
5497
5592
5729
6091
6202
6364
6365
6366
6367
6393
6532
6875
6877
6882
6891
6906
7024
7026
7028
7042
7269
7347
01
732
FSIGN
47 $
2828
IN
2613
2629
2637
2856
2996
7245
7280
INR
1924
1965
2396
2429
2437
2531
2606
2978
3026
3089
3972
5379
5396
5587
5591
5895
6541
6632
6987
7301
INX
769
790
885
887
1741
1750
1752
1824
1902
2034
2037
2040
2042
2050
2051
2060
2070
2075
2076
2077
2080
2086
2155
2188
2190
2356
2393
2395
2427
2430
2440
2453
2455
2530
2832
2842
2886
2890
2892
2897
2953
2961
3295
3328
3405
3503
3504
3559
4079
4308
4320
4393
4692
4694
4700
4702
4866
4917
5222
5350
5353
5365
5367
5386
5387
5645
5654
5662
5663
5677
5679
5680
5739
5742
5747
5938
5944
5952
5953
5955
5957
6018
6025
6027
6042
6043
6048
6061
6063
6065
6098
6117
6119
6137
6144
6146
6405
6407
6409
6422
6483
6539
6560
6618
6647
6675
6683
6747
6748
6750
6783
6809
6827
6829
6831
6902
6977
6979
6992
6993
7087
7146
7150
7371
7466
7468
7489
7507
7508
7544
7545
7552
JC
2338
2343
2501
2591
2933
3185
3226
3701
4541
4556
4671
4999
5131
5197
5537
5549
5556
5562
6082
6178
6677
6938
7132
7425
JM
3154
4696
7504
JMP
733
798
815
875
890
1770
1801
1862
2089
2170
2278
2431
2446
2535
3052
3203
3245
3264
3342
3429
3610
3704
3735
3847
3883
3932
3983
4088
4761
4804
4947
4963
4989
5179
5392
4200
4216
4334
4441
4563
4723
4744
5407
5453
5482
5491
5670
5987
6272
6336
6429
6448
6514
6648
6767
6907
6968
6994
7093
7115
7169
7180
7247
7308
7457
7509
7772
3512
3920
3925
3968
4547
4851
5005
5046
JNC
1981
2506
2525
2939
3094
3237
5568
6151
7547
JNZ
772
853
1903
2053
2081
2121
2323
2364
2405
2414
2471
2540
2618
2634
2748
2808
2883
3049
3364
3420
3485
3726
3731
3978
4020
4046
4146
4171
5945
4233
4239
4253
4304
4330
4386
4456
4568
4794
5646
5651
5733
5939
5958
5968
6075
6095
6120
6164
6222
6395
6551
6730
6753
6794
7049
7344
7497
JP
2369
2441
7471
7491
JPO
4704
6186
2360
2400
2420
2424
JZ
1759
1967
2014
2072
2102
2110
2302
2309
2313
2332
2491
2496
2511
2516
2879
2893
2908
2971
3027
3072
3207
3251
3408
3591
3600
3656
3695
3747
3761
3767
3773
3778
3794
3954
4084
4132
4185
4228
5027
4314
4431
4597
4665
4685
4830
4838
4845
4855
4939
5010
5016
5021
5035
5041
5388
5474
5618
5639
5657
5900
5933
5981
6057
6182
6374
6543
6547
6605
6691
6743
6778
6816
7084
7201
7271
7284
7365
7412
4164
LDA
809
849
2317
2596
2646
2904
3462
3821
3869
3909
3963
4016
4138
4246
4586
4680
4833
4905
5236
5611
5930
5962
6049
6101
6105
6168
6279
2357
2367
3524
5384
5642
5649
5655
6640
6990
7178
7488
7542
LDAX
2047
LHLD
1827
1868
1919
2017
2148
2178
2196
2211
2220
2238
2258
2772
2834
2985
3021
3033
3064
3076
3217
3229
3287
3318
3499
3507
3515
3809
4031
4092
4448
4524
4720
4797
4869
5071
5165
5629
5634
5705
5876
5917
5924
6113
6199
6209
6236
6240
6419
6581
6663
6667
6700
6713
6722
6734
6738
6773
6811
6844
6894
6918
6931
6953
7017
7021
7044
7109
7539
1947
1953
2044
2098
2115
2243
2249
2296
2350
2449
LXI
1735
1764
1848
1894
2480
2798
2925
2948
3046
3174
3181
3232
3261
3371
3551
3562
3852
4025
4203
4259
4362
4606
4657
4688
4707
4715
4738
4758
4780
4786
4801
4858
6138
6213
6311
6472
6507
6578
6696
4902
4959
5209
5213
5516
5573
6054
6709
6718
6727
6819
6963
7063
7214
7446
7460
7483
7527
7533
MCSSIM
84
MOV
764
791
827
830
884
886
1740
1749
1751
1754
1755
1756
1796
1822
2087
2151
2153
2154
1922
1978
2033
2039
2041
2049
2067
2068
2069
2085
2187
2189
2299
2305
2321
2322
2335
2373
2378
2417
2418
2519
2520
2528
2529
2801
2802
2803
2875
2887
2896
2898
2944
2952
2954
2962
3024
3070
3398
3399
3112
3152
3188
3189
3197
3220
3222
3223
3225
3336
3337
3397
3400
3428
3519
3520
3534
3554
3558
3560
3561
3587
3588
3597
3599
3623
3953
3973
4080
4126
4181
4182
4310
4319
4321
4392
4439
4440
4453
4535
4555
4566
4571
4583
4610
4611
4662
4691
4693
4699
4701
4712
4713
4773
4823
4827
4841
4842
4848
4865
4867
4911
4916
4918
4919
5123
5127
5193
5224
5349
5351
5354
5364
5366
5368
5370
5373
5440
5442
5443
5221
5223
5445
5473
5478
5479
5481
5487
5488
5490
5533
5541
5559
5594
5628
5643
5664
5674
5675
5724
5725
5738
5741
5743
5896
5897
5942
5948
5954
5956
6044
6047
6053
6062
6064
6078
6079
6100
6108
6116
6017
6019
6024
6026
6118
6143
6145
6162
6163
6172
6173
6263
6265
6266
6269
6271
6331
6332
6404
6406
6408
6410
6423
6444
6482
6497
6511
6535
6540
6562
6612
6671
6842
6843
6848
6849
6856
6857
6871
6876
6746
6760
6782
6804
6828
6830
6878
6885
6889
6890
6892
6893
6901
6903
6904
6905
6929
6976
6978
6980
6981
7025
7027
7040
7041
7043
7052
7071
7074
7092
7112
7128
7130
7135
7224
7227
7229
7300
7342
7351
7149
7151
7152
7156
7157
7161
7191
7223
7368
7373
7374
7376
7377
7380
7387
7409
7465
7501
7550
7551
7768
MOVRI
60#
MVI
1830
1857
1874
1877
1881
2269
2272
2294
2330
2385
2483
2523
2732
2806
3711
3834
2839
2912
2918
2945
3062
3198
3291
3340
3353
3362
3395
3555
3850
3859
3866
3974
4041
4149
4188
4190
4312
4511
4537
4742
4861
4912
5065
5120
5431
5577
5582
5667
5730
5880
5966
5985
6020
6092
6372
6427
6437
6533
6537
6588
6603
6672
6689
6761
6805
6886
6936
7101
7137
7153
7197
7220
1267
7306
7439
7449
NOP
882
883
ORA
812
852
1757
2052
2071
2156
2312
2320
2368
2419
2439
2882
2891
2907
4567
4594
3071
3153
3401
3721
3839
4019
4081
4141
4249
4257
4303
4311
5371
5374
5486
5489
5965
6052
6104
6424
6443
6542
6659
6826
6872
7075
7343
7410
7467
7490
7502
ORI
2374
OUT
2622
7254
3868
3881
3976
4151
OUTCHR
45#
2271
2274
2470
2475
2534
2914
2920
3836
3865
6641
7442
PCHL
3566
4920
5225
6035
POP
873
1767
1794
1837
1855
1939
1979
1980
2011
2012
2022
2028
2038
2105
2379
2435
2587
2621
2747
2795
2827
2125
2162
2164
2165
2237
2372
2377
2921
3018
3045
3158
3194
3202
3244
3284
3327
3367
3477
3478
3506
3511
3533
3536
3543
3567
3576
3578
3781
3846
3882
3948
3981
4023
4059
4083
4201
4245
4266
4318
4410
4415
4423
4424
4527
4756
4821
4868
4885
4889
4893
4894
4915
4931
4943
4957
4958
4970
4981
4985
5086
5118
5207
5355
5363
5369
5398
5449
5468
5470
5638
5711
5718
5737
5740
5751
5887
5888
5908
5977
6028
6060
6072
6073
6142
6158
6160
6194
6358
6361
6381
6392
6400
6401
6402
6411
6425
6490
6492
6501
6611
6661
6685
6688
6771
6803
6851
6859
6860
6861
6869
6870
6900
6944
6973
7057
7091
7113
7143
7144
7165
7176
7212
7279
7297
7298
7338
7384
7386
7401
7406
7407
7411
7424
7441
7464
7494
7496
7520
7525
7792
POPR
57#
4893
4957
PUSH
807
888
1753
1792
1826
1846
1970
1974
1984
1985
1987
1991
2024
2101
2109
2127
2159
2252
2266
2347
2353
2436
2588
2763
2771
2787
2796
2797
2819
2829
2830
2831
2833
2841
2911
2928
2955
3019
3148
3179
3180
3216
3285
3286
3294
3296
3317
3465
3466
3480
3484
3502
3525
3565
3569
3770
3788
3879
3937
3951
4055
4063
4087
4091
4124
4170
4207
4262
4391
4394
4395
4405
4419
4513
4656
4660
4695
4703
4714
4719
4752
4757
4778
4779
4790
4800
4872
4910
4927
5074
5092
5124
5170
5203
5212
5356
5357
5464
5519
5576
5626
5632
5673
5676
5708
5712
5875
5882
5883
5893
5912
6066
6067
6149
6154
6314
6315
6348
6368
6371
6388
6418
6475
6486
6496
6510
6536
6662
6695
6699
6712
6717
6789
6822
6855
6862
6863
6864
6879
6916
6917
6930
6934
6952
6967
7039
7066
7129
7139
7145
7177
7196
7217
7266
7299
7333
7379
7405
7419
7429
7430
7482
7486
7487
7521
7526
7779
PUSHEM
49#
6362
PUSHM
48#
2160
2161
3505
4309
4710
4711
6356
6359
6362
6363
6491
7090
7372
7408
7420
PUSHR
54#
RAL
4552
RC
3115
3339
4577
6850
7228
RET
832
856
880
1838
2267
2457
2625
2653
2980
2993
3083
3100
3107
3119
3159
3544
3579
4034
4267
4873
5060
5087
5119
5244
5593
5752
6204
6412
6502
6613
6686
6865
7058
7076
7230
7256
7290
7352
7393
7556
7794
RLC
2943
4908
5122
RNC
797
1856
2169
2965
3178
4582
4613
4776
5380
6858
7222
RNZ
829
1744
2177
2645
3001
3010
3014
3061
3088
3215
3352
3608
6426
7034
7304
RST
1763
1795
1853
1964
1986
2113
2160
2161
2163
2271
2274
2355
2470
2475
2534
2779
2828
2914
2920
2924
3144
3177
3184
3214
3236
3321
3458
3505
3510
3518
3594
3659
3700
3723
3746
3836
3865
3868
3881
3944
3976
3982
4053
4111
4151
4180
4211
4227
4238
4309
4327
4459
4562
4710
4711
4998
5052
5058
5125
5153
5159
5498
5500
5545
5560
5598
5637
5732
5903
5928
6094
6150
6203
6319
6327
6329
6356
6359
6362
6363
6369
6394
6435
6491
6567
6600
6641
6676
6726
6742
6777
6815
6847
6853
7031
7048
7090
7205
7210
7270
7274
7294
7324
7328
7350
7372
7408
7420
7423
7442
7546
7787
RZ
1768
1798
2158
2167
2929
3402
3404
3722
3751
3876
5372
5376
5499
5581
5586
5590
6639
6841
6873
6989
7470
SBB
3224
5402
6267
SHLD
870
1871
1950
2029
2191
2207
2214
2223
2226
2246
2253
2868
2900
2989
lj
3015
3030
3636
3079
3241
3368
3473
4323
4375
4436
4521
4559
4572
4886
4890
4944
4982
4986
5102
5446
5719
5726
5905
5909
6038
6088
6584
6608
6680
6706
6806
7035
7054
7553
SPHL
2241
2755
3359
4389
4445
STA
1888
1944
2263
2291
2408
2608
2650
2734
3042
3097
3104
3861
3873
4043
4097
4824
4932
5530
5595
5623
6029
6439
6590
7242
7318
7321
STAX
1797
2394
2428
2452
2454
2456
3529
6991
7469
7503
7543
7793
SUB
828
831
3221
4425
6264
7179
7225
SUI
2398
2411
2931
3195
3418
3923
4539
4575
5044
6175
7480
SYNCHK
42#
2113
2779
3458
3594
3659
3944
4053
4111
5052
5058
5153
5159
5500
5903
6319
6327
6329
6435
7205
7210
7274
7294
7324
7787
XCHG
1758
1762
1847
1854
2032
2084
2088
2124
2381
2392
2438
2444
2757
2899
2923
2947
2956
2984
2992
3075
3082
3157
3201
3240
3535
4202
4252
4322
4326
4435
5098
5164
5171
5175
5633
5746
5889
5894
5923
5927
6071
6080
6112
6198
6212
6239
6561
6666
6684
6721
6725
6737
6741
6772
6776
6810
6814
6956
7020
7032
7190
7293
7337
7422
7431
7537
XRA
1887
1943
2078
2290
3041
3103
3527
3880
4096
4553
5377
5529
5540
5622
6270
6759
6825
7070
7126
7282
XTHL
765
770
869
1793
1821
1825
2020
2126
2743
2768
2775
2837
3290
3374
3471
4108
4117
4206
4236
4403
5168
5177
5187
5879
5891
6147
6333
6354
6559
6852
6854
6921
6925
6948
6966
6974
7127
7213
7378
7421
7428
7536
7783